#ich idx-head idx-tail (indexes start at 0)
0 1 608
1 615 1222
2 1229 1836
3 1843 2450
4 2457 3064
5 3071 3678
6 3685 4292
7 4299 4906
8 4913 5520
9 5527 6134
10 6141 6748
11 6755 7362
12 7369 7976
13 7983 8590
14 8597 9204
15 9211 9818
16 9825 10432
17 10439 11046
18 11053 11660
19 11667 12274
20 12281 12888
21 12895 13502
22 13509 14116
23 14123 14730
24 14737 15344
25 15351 15958
26 15965 16572
27 16579 17186
28 17193 17800
29 17807 18414
30 18421 19028
31 19035 19642
32 19649 20256
33 20263 20870
34 20877 21484
35 21491 22098
36 22105 22712
37 22719 23326
38 23333 23940
39 23947 24554
